160.01	0.672067
160.02	0.970745
160.03	1.26942
160.04	1.56827
160.049	1.86695
163.338	2.16562
163.347	2.4643
163.357	2.76298
163.367	3.06166
163.376	3.36017
163.386	3.65918
166.674	3.95786
166.684	4.25637
166.694	4.55522
166.704	4.85389
166.713	5.15257
166.723	5.45125
166.733	5.7501
170.021	6.04877
170.031	6.34745
170.04	6.64613
170.05	6.94481
170.06	7.24349
170.069	7.54216
170.079	7.84101
170.089	8.13969
173.377	8.43837
173.387	8.73704
173.397	9.03572
173.406	9.3344
173.416	9.63308
173.426	9.93192
173.435	10.2306
173.445	10.5293
173.455	10.828
176.743	11.1266
176.753	11.4253
176.763	11.7242
176.772	12.0228
176.782	12.3215
176.792	12.6202
176.802	12.9189
176.811	13.2175
180.1	13.5162
180.109	13.8151
180.119	14.1138
180.129	14.4124
180.138	14.7111
180.148	15.0098
180.158	15.3085
180.168	15.6071
180.177	15.906
180.187	16.2045
180.197	16.5033
183.485	16.8019
183.495	17.1007
183.504	17.3994
183.514	17.6982
183.524	17.9969
183.534	18.2956
183.543	18.5943
183.553	18.8929
183.563	19.1916
183.572	19.4903
183.582	19.7891
183.592	20.0878
183.601	20.3865
183.611	20.6852
183.621	20.9838
186.909	21.2825
186.919	21.5812
186.929	21.88
186.938	22.1786
186.948	22.4774
186.958	22.7759
186.967	23.0748
186.977	23.3733
186.987	23.6721
186.997	23.971
187.006	24.2696
187.016	24.5683
190.304	24.867
190.314	25.1657
190.324	25.4644
190.333	25.7632
190.343	26.0619
190.353	26.3606
190.363	26.6592
190.372	26.9579
190.382	27.2566
190.392	27.5553
190.401	27.8541
190.411	28.1528
193.699	28.4515
193.709	28.7501
193.719	29.0488
193.728	29.3475
193.738	29.6462
193.748	29.945
193.758	30.2437
193.767	30.5424
193.777	30.8411
193.787	31.1397
193.796	31.4384
197.085	31.7371
197.095	32.0359
197.104	32.3346
197.114	32.6333
197.124	32.932
197.133	33.2306
197.143	33.5293
197.153	33.8282
197.162	34.1269
197.172	34.4255
197.182	34.724
197.192	35.0229
200	35
200     35
201	35
201     35
202	35
202     35
203	35
203     35
204	35
204     35
205	35
205     35
206	35
206     35
207	35
207     35
208	35
208     35
209	35
209     35
210	35
210     35
211	35
211     35
212	35
212     35
213	35
213     35
214	35
214     35
215	35
215     35
216	35
216     35
217	35
217     35
218	35
218     35
219	35
219     35
220	35
220     35
221	35
221     35
222	35
222     35
223	35
223     35
224	35
224     35
225	35
225     35
226	35
226     35
227	35
227     35
228	35
228     35
229	35
229     35
230	35
230     35
231	35
231     35
232	35
232     35
233	35
233     35
234	35
234     35
235	35
235     35
236	35
236     35
237	35
237     35
238	35
238     35
239	35
239     35
240	35
240     35
241	35
241     35
242	35
242     35
243	35
243     35
244	35
244     35
245	35
245     35
246	35
246     35
247	35
247     35
248	35
248     35
249	35
249     35
250	35
250     35
251	35
251     35
252	35
252     35
253	35
253     35
254	35
254     35
255	35
255     35
256	35
256     35
257	35
257     35
258	35
258     35
259	35
259     35
260	35
260     35
261	35
261     35
262	35
262     35
263	35
263     35
264	35
264     35
265	35
265     35
266	35
266     35
267	35
267     35
268	35
268     35
269	35
269     35
270	35
270     35
271	35
271     35
272	35
272     35
273	35
273     35
274	35
274     35
275	35
275     35
276	35
276     35
277	35
277     35
278	35
278     35
279	35
279     35
280	35
280     35
281	35
281     35
282	35
282     35
283	35
283     35
284	35
284     35
285	35
285     35
286	35
286     35
287	35
287     35
288	35
288     35
289	35
289     35
290	35
290     35
291	35
291     35
292	35
292     35
293	35
293     35
294	35
294     35
295	35
295     35
296	35
296     35
297	35
297     35
298	35
298     35
299	35
299     35
300     35
301     34.9
302     34.8
303     34.7
304     34.6
305     34.5
306     34.4
307     34.3
308     34.2
309     34.1
310     34
311     33.9
312     33.8
313     33.7
314     33.6
315     33.5
316     33.4
317     33.3
318     33.2
319     33.1
320     33
321     32.9
322     32.8
323     32.7
324     32.6
325     32.5
326     32.4
327     32.3
328     32.2
329     32.1
330     32
331     31.9
332     31.8
333     31.7
334     31.6
335     31.5
336     31.4
337     31.3
338     31.2
339     31.1
340     31
341     30.9
342     30.8
343     30.7
344     30.6
345     30.5
346     30.4
347     30.3
348     30.2
349     30.1
350     30
352.452 29.8669
355.74  30.0444
359.019 30.0444
362.297 30.0444
365.567 29.8669
368.845 29.8669
372.124 29.8669
375.393 29.6893
378.671 29.6893
381.94  29.5118
385.209 29.3343
388.478 29.1568
391.757 29.1568
395.026 28.9792
395.017 28.8018
398.285 28.6242
401.555 28.4466
404.824 28.2692
404.814 28.0917
408.083 27.9142
411.352 27.7367
411.342 27.5592
411.332 27.3817
411.323 27.2041
414.592 27.0266
417.861 26.8491
417.851 26.6716
421.12  26.4941
421.11  26.3166
424.379 26.1391
424.37  25.9615
427.639 25.784
427.629 25.6065
430.898 25.429
430.888 25.2515
434.157 25.074
434.147 24.8963
434.138 24.7189
437.407 24.5413
437.397 24.3639
440.666 24.1864
440.656 24.0089
443.925 23.8314
443.916 23.6538
443.906 23.4763
447.175 23.2988
447.165 23.1213
447.155 22.9438
450.424 22.7663
450.415 22.5888
450.405 22.4112
453.674 22.2337
453.664 22.0562
453.654 21.8787
456.924 21.7012
456.914 21.5237
456.904 21.3462
460.173 21.1686
460.163 20.991
460.154 20.8136
463.423 20.636
463.413 20.4586
466.682 20.2811
466.672 20.1036
466.663 19.926
466.653 19.7485
469.922 19.571
469.912 19.3935
469.902 19.216
473.171 19.0385
473.162 18.8609
473.152 18.6834
476.421 18.5059
476.411 18.3284
476.402 18.1509
479.671 17.9734
479.661 17.7959
479.651 17.6183
482.92  17.4408
482.911 17.2633
482.901 17.0858
486.17  16.9083
486.16  16.7308
486.151 16.5533
489.419 16.3757
489.41  16.1982
489.4   16.0207
492.669 15.8432
492.659 15.6657
492.65  15.4882
492.64  15.3107
495.909 15.1331
495.899 14.9556
495.889 14.7781
499.159 14.6006
499.149 14.4231
499.139 14.2456
502.408 14.068
502.398 13.8904
502.389 13.713
505.658 13.5354
505.648 13.358
505.638 13.1804
508.907 13.003
508.898 12.8254
508.888 12.6479
512.157 12.4704
512.147 12.2929
512.138 12.1154
515.406 11.9379
515.397 11.7604
518.666 11.5828
518.656 11.4053
518.646 11.2278
518.637 11.0503
521.906 10.8728
521.896 10.6953
521.886 10.5178
525.155 10.3402
525.145 10.1627
525.136 9.9851
528.405 9.8077
528.395 9.6301
528.385 9.4527
528.376 9.2751
531.645 9.0976
531.635 8.9201
531.625 8.7426
534.894 8.5651
534.885 8.3876
534.875 8.2101
534.865 8.0325
538.134 7.855
538.125 7.6775
538.115 7.5
541.384 7.3225
541.374 7.145
541.364 6.9675
541.355 6.7899
544.624 6.6124
544.614 6.4349
544.604 6.2574
547.873 6.0799
547.864 5.9024
547.854 5.7248
551.123 5.5473
551.113 5.3698
551.103 5.1923
551.094 5.0148
554.363 4.8373
554.353 4.6598
557.622 4.4822
557.612 4.3047
557.603 4.1272
560.872 3.9497
560.862 3.7722
560.852 3.5947
564.121 3.4172
564.111 3.2396
567.38  3.0621
567.371 2.8846
570.64  2.7071
573.909 2.5295
573.899 2.3521
577.168 2.1746
577.158 1.9969
580.427 1.8195
583.696 1.642
586.965 1.4645
586.956 1.287
590.225 1.1095
593.494 0.932
596.772 0.932
600.051 0.932
603.32  0.7544
606.599 0.7544
606.589 0.5769
609.868 0.5769
613.137 0.3994
616.415 0.3994
619.684 0.2219
